-0.19013180 0.19022676 1.10288595 0.81136197
-0.18903153 0.19103318 1.09764499 0.80144867
-0.18793650 0.19182967 1.09241784 0.79153540
-0.18684669 0.19261625 1.08720449 0.78162229
-0.18576208 0.19339291 1.08200488 0.77170945
-0.18468267 0.19415967 1.07681896 0.76179699
-0.18360844 0.19491651 1.07164667 0.75188503
-0.18253937 0.19566344 1.06648798 0.74197369
-0.18147546 0.19640045 1.06134281 0.73206306
-0.18041668 0.19712756 1.05621114 0.72215327
-0.17936303 0.19784476 1.05109289 0.71224443
-0.17831449 0.19855205 1.04598803 0.70233665
-0.17727105 0.19924943 1.04089650 0.69243004
-0.17623270 0.19993691 1.03581825 0.68252471
-0.17519941 0.20061448 1.03075323 0.67262077
-0.17417118 0.20128215 1.02570139 0.66271835
-0.17314800 0.20193992 1.02066268 0.65281753
-0.17212985 0.20258779 1.01563704 0.64291845
-0.17111673 0.20322576 1.01062444 0.63302121
-0.17010860 0.20385383 1.00562481 0.62312591
-0.16910547 0.20447201 1.00063812 0.61323268
-0.16810732 0.20508030 0.99566430 0.60334163
-0.16711414 0.20567870 0.99070331 0.59345286
-0.16612591 0.20626720 0.98575510 0.58356648
-0.16514262 0.20684583 0.98081962 0.57368262
-0.16416427 0.20741457 0.97589682 0.56380137
-0.16319083 0.20797343 0.97098665 0.55392285
-0.16222229 0.20852242 0.96608907 0.54404718
-0.16125864 0.20906153 0.96120402 0.53417446
-0.16029988 0.20959077 0.95633145 0.52430480
-0.15934598 0.21011014 0.95147133 0.51443833
-0.15839693 0.21061965 0.94662359 0.50457514
-0.15745273 0.21111929 0.94178819 0.49471535
-0.15651335 0.21160908 0.93696510 0.48485907
-0.15557879 0.21208901 0.93215424 0.47500642
-0.15464904 0.21255909 0.92735559 0.46515751
-0.15372408 0.21301933 0.92256909 0.45531244
-0.15280390 0.21346972 0.91779470 0.44547134
-0.15188848 0.21391027 0.91303238 0.43563431
-0.15097783 0.21434099 0.90828206 0.42580147
-0.15007191 0.21476187 0.90354372 0.41597293
-0.14917073 0.21517293 0.89881730 0.40614881
-0.14827428 0.21557417 0.89410276 0.39632921
-0.14738253 0.21596559 0.88940005 0.38651426
-0.14649547 0.21634720 0.88470913 0.37670406
-0.14561310 0.21671900 0.88002996 0.36689873
-0.14473541 0.21708100 0.87536250 0.35709839
-0.14386237 0.21743320 0.87070669 0.34730314
-0.14299399 0.21777561 0.86606250 0.33751311
-0.14213025 0.21810823 0.86142988 0.32772842
-0.14127113 0.21843107 0.85680880 0.31794916
-0.14041662 0.21874413 0.85219920 0.30817547
-0.13956672 0.21904742 0.84760105 0.29840746
-0.13872142 0.21934095 0.84301431 0.28864524
-0.13788069 0.21962471 0.83843893 0.27888894
-0.13704454 0.21989873 0.83387488 0.26913867
-0.13621294 0.22016299 0.82932212 0.25939454
-0.13538589 0.22041752 0.82478061 0.24965668
-0.13456337 0.22066231 0.82025030 0.23992521
-0.13374538 0.22089737 0.81573116 0.23020024
-0.13293191 0.22112271 0.81122315 0.22048189
-0.13212293 0.22133834 0.80672624 0.21077029
-0.13131845 0.22154426 0.80224038 0.20106555
-0.13051845 0.22174047 0.79776554 0.19136780
-0.12972292 0.22192699 0.79330169 0.18167715
-0.12893184 0.22210383 0.78884879 0.17199373
-0.12814522 0.22227098 0.78440679 0.16231766
-0.12736303 0.22242847 0.77997568 0.15264906
-0.12658526 0.22257628 0.77555541 0.14298806
-0.12581191 0.22271444 0.77114595 0.13333479
-0.12504297 0.22284296 0.76674726 0.12368935
-0.12427841 0.22296183 0.76235932 0.11405189
-0.12351824 0.22307106 0.75798210 0.10442252
-0.12276245 0.22317067 0.75361555 0.09480138
-0.12201101 0.22326067 0.74925966 0.08518858
-0.12126392 0.22334105 0.74491438 0.07558426
-0.12052118 0.22341184 0.74057970 0.06598854
-0.11978276 0.22347303 0.73625557 0.05640155
-0.11904866 0.22352465 0.73194198 0.04682343
-0.11831887 0.22356668 0.72763889 0.03725430
-0.11759338 0.22359916 0.72334628 0.02769429
-0.11687218 0.22362208 0.71906412 0.01814353
-0.11615525 0.22363545 0.71479238 0.00860216
-0.11544259 0.22363928 0.71053104 -0.00092970
-0.11473418 0.22363359 0.70628008 -0.01045190
-0.11403002 0.22361838 0.70203946 -0.01996432
-0.11333010 0.22359367 0.69780917 -0.02946683
-0.11263440 0.22355945 0.69358918 -0.03895927
-0.11194292 0.22351575 0.68937947 -0.04844153
-0.11125564 0.22346257 0.68518002 -0.05791346
-0.11057256 0.22339993 0.68099081 -0.06737492
-0.10989365 0.22332783 0.67681182 -0.07682578
-0.10921893 0.22324628 0.67264302 -0.08626589
-0.10854837 0.22315530 0.66848441 -0.09569513
-0.10788196 0.22305489 0.66433595 -0.10511334
-0.10721969 0.22294507 0.66019764 -0.11452038
-0.10656156 0.22282586 0.65606946 -0.12391612
-0.10590755 0.22269725 0.65195139 -0.13330040
-0.10525765 0.22255926 0.64784341 -0.14267309
-0.10461186 0.22241190 0.64374552 -0.15203404
-0.10397016 0.22225519 0.63965770 -0.16138311
-0.10333254 0.22208914 0.63557993 -0.17072014
-0.10269899 0.22191376 0.63151220 -0.18004499
-0.10206951 0.22172906 0.62745451 -0.18935751
-0.10144408 0.22153505 0.62340683 -0.19865755
-0.10082269 0.22133175 0.61936917 -0.20794496
-0.10020534 0.22111916 0.61534151 -0.21721960
-0.09959201 0.22089731 0.61132385 -0.22648130
-0.09898269 0.22066620 0.60731617 -0.23572991
-0.09837737 0.22042585 0.60331847 -0.24496529
-0.09777605 0.22017628 0.59933075 -0.25418727
-0.09717871 0.21991748 0.59535300 -0.26339570
-0.09658534 0.21964949 0.59138521 -0.27259042
-0.09599593 0.21937231 0.58742739 -0.28177127
-0.09541048 0.21908595 0.58347952 -0.29093810
-0.09482897 0.21879044 0.57954162 -0.30009075
-0.09425139 0.21848578 0.57561367 -0.30922905
-0.09367774 0.21817198 0.57169568 -0.31835284
-0.09310800 0.21784908 0.56778765 -0.32746195
-0.09254216 0.21751706 0.56388958 -0.33655624
-0.09198022 0.21717597 0.56000147 -0.34563552
-0.09142216 0.21682580 0.55612334 -0.35469964
-0.09086797 0.21646657 0.55225517 -0.36374842
-0.09031764 0.21609831 0.54839698 -0.37278170
-0.08977117 0.21572102 0.54454878 -0.38179930
-0.08922854 0.21533471 0.54071057 -0.39080106
-0.08868975 0.21493942 0.53688236 -0.39978681
-0.08815477 0.21453515 0.53306416 -0.40875637
-0.08762361 0.21412191 0.52925597 -0.41770957
-0.08709626 0.21369973 0.52545782 -0.42664624
-0.08657269 0.21326862 0.52166971 -0.43556619
-0.08605292 0.21282861 0.51789165 -0.44446925
-0.08553691 0.21237969 0.51412367 -0.45335525
-0.08502466 0.21192190 0.51036576 -0.46222400
-0.08451617 0.21145525 0.50661796 -0.47107532
-0.08401143 0.21097976 0.50288027 -0.47990903
-0.08351041 0.21049544 0.49915272 -0.48872495
-0.08301312 0.21000231 0.49543531 -0.49752289
-0.08251954 0.20950040 0.49172808 -0.50630267
-0.08202966 0.20898971 0.48803105 -0.51506410
-0.08154347 0.20847028 0.48434422 -0.52380700
-0.08106096 0.20794210 0.48066764 -0.53253117
-0.08058213 0.20740522 0.47700131 -0.54123642
-0.08010696 0.20685964 0.47334527 -0.54992258
-0.07963544 0.20630538 0.46969953 -0.55858943
-0.07916756 0.20574247 0.46606414 -0.56723679
-0.07870331 0.20517091 0.46243911 -0.57586447
-0.07824267 0.20459074 0.45882447 -0.58447227
-0.07778565 0.20400198 0.45522025 -0.59305999
-0.07733223 0.20340463 0.45162648 -0.60162743
-0.07688240 0.20279873 0.44804320 -0.61017440
-0.07643614 0.20218429 0.44447043 -0.61870068
-0.07599345 0.20156133 0.44090822 -0.62720610
-0.07555432 0.20092988 0.43735659 -0.63569042
-0.07511874 0.20028996 0.43381557 -0.64415347
-0.07468669 0.19964158 0.43028522 -0.65259502
-0.07425816 0.19898478 0.42676555 -0.66101488
-0.07383315 0.19831956 0.42325662 -0.66941283
-0.07341164 0.19764596 0.41975847 -0.67778867
-0.07299363 0.19696399 0.41627112 -0.68614218
-0.07257910 0.19627368 0.41279462 -0.69447316
-0.07216804 0.19557505 0.40932903 -0.70278139
-0.07176044 0.19486813 0.40587437 -0.71106665
-0.07135629 0.19415293 0.40243070 -0.71932874
-0.07095557 0.19342948 0.39899806 -0.72756744
-0.07055829 0.19269780 0.39557649 -0.73578253
-0.07016442 0.19195792 0.39216605 -0.74397379
-0.06977395 0.19120986 0.38876678 -0.75214101
-0.06938688 0.19045365 0.38537873 -0.76028395
-0.06900319 0.18968930 0.38200196 -0.76840240
-0.06862287 0.18891685 0.37863651 -0.77649614
-0.06824591 0.18813632 0.37528244 -0.78456495
-0.06787230 0.18734773 0.37193980 -0.79260859
-0.06750203 0.18655111 0.36860865 -0.80062684
-0.06713508 0.18574648 0.36528904 -0.80861947
-0.06677145 0.18493388 0.36198102 -0.81658625
-0.06641111 0.18411332 0.35868467 -0.82452697
-0.06605407 0.18328483 0.35540002 -0.83244137
-0.06570031 0.18244844 0.35212715 -0.84032924
-0.06534982 0.18160418 0.34886612 -0.84819033
-0.06500257 0.18075207 0.34561698 -0.85602442
-0.06465858 0.17989214 0.34237980 -0.86383126
-0.06431781 0.17902442 0.33915464 -0.87161063
-0.06398026 0.17814893 0.33594157 -0.87936229
-0.06364592 0.17726570 0.33274065 -0.88708599
-0.06331478 0.17637477 0.32955195 -0.89478149
-0.06298682 0.17547615 0.32637554 -0.90244856
-0.06266202 0.17456988 0.32321147 -0.91008696
-0.06234039 0.17365599 0.32005984 -0.91769644
-0.06202190 0.17273450 0.31692069 -0.92527676
-0.06170654 0.17180544 0.31379411 -0.93282768
-0.06139431 0.17086885 0.31068017 -0.94034894
-0.06108518 0.16992476 0.30757893 -0.94784030
-0.06077914 0.16897318 0.30449048 -0.95530153
-0.06047619 0.16801416 0.30141488 -0.96273235
-0.06017631 0.16704773 0.29835222 -0.97013254
-0.05987948 0.16607391 0.29530257 -0.97750184
-0.05958570 0.16509273 0.29226600 -0.98483999
-0.05929495 0.16410424 0.28924260 -0.99214675
-0.05900721 0.16310845 0.28623244 -0.99942186
-0.05872248 0.16210540 0.28323560 -1.00666508
-0.05844074 0.16109513 0.28025217 -1.01387614
-0.05816197 0.16007766 0.27728222 -1.02105479
-0.05788617 0.15905303 0.27432584 -1.02820078
-0.05761331 0.15802127 0.27138311 -1.03531385
-0.05734340 0.15698242 0.26845412 -1.04239374
-0.05707640 0.15593650 0.26553894 -1.04944020
-0.05681231 0.15488355 0.26263767 -1.05645297
-0.05655112 0.15382360 0.25975039 -1.06343178
-0.05629281 0.15275670 0.25687719 -1.07037638
-0.05603736 0.15168286 0.25401815 -1.07728652
-0.05578477 0.15060213 0.25117336 -1.08416192
-0.05553501 0.14951455 0.24834292 -1.09100233
-0.05528808 0.14842014 0.24552691 -1.09780748
-0.05504395 0.14731895 0.24272542 -1.10457712
-0.05480262 0.14621100 0.23993854 -1.11131097
-0.05456407 0.14509634 0.23716637 -1.11800879
-0.05432828 0.14397499 0.23440899 -1.12467030
-0.05409525 0.14284701 0.23166651 -1.13129523
-0.05386495 0.14171241 0.22893900 -1.13788334
-0.05363736 0.14057125 0.22622658 -1.14443434
-0.05341249 0.13942356 0.22352933 -1.15094799
-0.05319030 0.13826937 0.22084734 -1.15742400
-0.05297079 0.13710872 0.21818072 -1.16386212
-0.05275393 0.13594166 0.21552956 -1.17026208
-0.05253972 0.13476821 0.21289395 -1.17662361
-0.05232814 0.13358842 0.21027399 -1.18294646
-0.05211917 0.13240233 0.20766979 -1.18923034
-0.05191280 0.13120998 0.20508144 -1.19547501
-0.05170900 0.13001139 0.20250903 -1.20168018
-0.05150777 0.12880663 0.19995268 -1.20784560
-0.05130909 0.12759572 0.19741246 -1.21397099
-0.05111294 0.12637870 0.19488850 -1.22005610
-0.05091931 0.12515562 0.19238088 -1.22610065
-0.05072817 0.12392651 0.18988971 -1.23210439
-0.05053952 0.12269142 0.18741508 -1.23806703
-0.05035334 0.12145039 0.18495711 -1.24398833
-0.05016960 0.12020346 0.18251588 -1.24986801
-0.04998830 0.11895067 0.18009151 -1.25570581
-0.04980941 0.11769206 0.17768409 -1.26150146
-0.04963293 0.11642768 0.17529373 -1.26725471
-0.04945882 0.11515757 0.17292053 -1.27296528
-0.04928708 0.11388177 0.17056459 -1.27863291
-0.04911769 0.11260032 0.16822601 -1.28425734
-0.04895062 0.11131326 0.16590490 -1.28983830
-0.04878587 0.11002065 0.16360136 -1.29537554
-0.04862341 0.10872253 0.16131550 -1.30086879
-0.04846323 0.10741893 0.15904741 -1.30631779
-0.04830531 0.10610991 0.15679720 -1.31172229
-0.04814963 0.10479550 0.15456497 -1.31708201
-0.04799618 0.10347576 0.15235083 -1.32239671
-0.04784493 0.10215072 0.15015487 -1.32766613
-0.04769586 0.10082044 0.14797722 -1.33289000
-0.04754897 0.09948496 0.14581795 -1.33806807
-0.04740422 0.09814432 0.14367719 -1.34320009
-0.04726160 0.09679857 0.14155502 -1.34828579
-0.04712110 0.09544776 0.13945157 -1.35332494
-0.04698270 0.09409194 0.13736691 -1.35831727
-0.04684636 0.09273115 0.13530117 -1.36326254
-0.04671209 0.09136543 0.13325444 -1.36816048
-0.04657985 0.08999484 0.13122683 -1.37301086
-0.04644963 0.08861942 0.12921843 -1.37781343
-0.04632140 0.08723923 0.12722935 -1.38256794
-0.04619516 0.08585430 0.12525969 -1.38727414
-0.04607088 0.08446470 0.12330954 -1.39193179
-0.04594854 0.08307046 0.12137902 -1.39654065
-0.04582811 0.08167163 0.11946822 -1.40110047
-0.04570959 0.08026827 0.11757724 -1.40561102
-0.04559295 0.07886043 0.11570618 -1.41007205
-0.04547817 0.07744815 0.11385513 -1.41448334
-0.04536524 0.07603148 0.11202421 -1.41884464
-0.04525412 0.07461047 0.11021350 -1.42315573
-0.04514480 0.07318518 0.10842310 -1.42741636
-0.04503727 0.07175566 0.10665311 -1.43162632
-0.04493149 0.07032195 0.10490362 -1.43578536
-0.04482745 0.06888410 0.10317474 -1.43989327
-0.04472513 0.06744218 0.10146656 -1.44394983
-0.04462451 0.06599622 0.09977916 -1.44795480
-0.04452557 0.06454629 0.09811265 -1.45190796
-0.04442828 0.06309242 0.09646712 -1.45580911
-0.04433263 0.06163468 0.09484265 -1.45965801
-0.04423859 0.06017312 0.09323935 -1.46345447
-0.04414614 0.05870779 0.09165731 -1.46719825
-0.04405527 0.05723875 0.09009660 -1.47088917
-0.04396594 0.05576603 0.08855733 -1.47452699
-0.04387814 0.05428971 0.08703957 -1.47811153
-0.04379185 0.05280983 0.08554343 -1.48164258
-0.04370705 0.05132644 0.08406898 -1.48511993
-0.04362371 0.04983961 0.08261631 -1.48854338
-0.04354181 0.04834937 0.08118550 -1.49191275
-0.04346133 0.04685580 0.07977664 -1.49522784
-0.04338225 0.04535894 0.07838982 -1.49848844
-0.04330454 0.04385884 0.07702511 -1.50169439
-0.04322819 0.04235556 0.07568259 -1.50484548
-0.04315317 0.04084917 0.07436235 -1.50794154
-0.04307946 0.03933970 0.07306446 -1.51098239
-0.04300703 0.03782722 0.07178900 -1.51396784
-0.04293587 0.03631178 0.07053604 -1.51689773
-0.04286595 0.03479344 0.06930567 -1.51977188
-0.04279725 0.03327226 0.06809795 -1.52259011
-0.04272975 0.03174828 0.06691297 -1.52535227
-0.04266342 0.03022157 0.06575078 -1.52805819
-0.04259824 0.02869218 0.06461147 -1.53070770
-0.04253419 0.02716018 0.06349509 -1.53330065
-0.04247124 0.02562560 0.06240173 -1.53583689
-0.04240938 0.02408852 0.06133143 -1.53831626
-0.04234857 0.02254899 0.06028428 -1.54073862
-0.04228880 0.02100706 0.05926034 -1.54310381
-0.04223004 0.01946280 0.05825966 -1.54541170
-0.04217228 0.01791626 0.05728231 -1.54766214
-0.04211547 0.01636749 0.05632835 -1.54985501
-0.04205961 0.01481657 0.05539784 -1.55199016
-0.04200467 0.01326353 0.05449083 -1.55406747
-0.04195062 0.01170845 0.05360738 -1.55608681
-0.04189745 0.01015138 0.05274755 -1.55804806
-0.04184512 0.00859238 0.05191138 -1.55995110
-0.04179362 0.00703150 0.05109894 -1.56179581
-0.04174291 0.00546880 0.05031026 -1.56358208
-0.04169299 0.00390435 0.04954539 -1.56530980
-0.04164381 0.00233820 0.04880439 -1.56697886
-0.04159537 0.00077041 0.04808730 -1.56858917
-0.04154763 -0.00079896 0.04739416 -1.57014062
-0.04150057 -0.00236985 0.04672502 -1.57163312
-0.04145417 -0.00394220 0.04607991 -1.57306658
-0.04140841 -0.00551596 0.04545887 -1.57444091
-0.04136325 -0.00709106 0.04486195 -1.57575602
-0.04131867 -0.00866745 0.04428917 -1.57701184
-0.04127466 -0.01024507 0.04374057 -1.57820828
-0.04123119 -0.01182385 0.04321618 -1.57934528
-0.04118822 -0.01340374 0.04271604 -1.58042277
-0.04114574 -0.01498468 0.04224017 -1.58144067
-0.04110373 -0.01656660 0.04178860 -1.58239893
-0.04106216 -0.01814945 0.04136136 -1.58329748
-0.04102100 -0.01973318 0.04095847 -1.58413628
-0.04098023 -0.02131771 0.04057994 -1.58491528
-0.04093983 -0.02290299 0.04022582 -1.58563442
-0.04089977 -0.02448896 0.03989610 -1.58629366
-0.04086003 -0.02607555 0.03959081 -1.58689296
-0.04082059 -0.02766272 0.03930996 -1.58743229
-0.04078141 -0.02925040 0.03905358 -1.58791162
-0.04074247 -0.03083852 0.03882166 -1.58833092
-0.04070375 -0.03242704 0.03861423 -1.58869016
-0.04066523 -0.03401588 0.03843128 -1.58898932
-0.04062688 -0.03560500 0.03827282 -1.58922839
-0.04058868 -0.03719432 0.03813887 -1.58940736
-0.04055060 -0.03878379 0.03802942 -1.58952621
-0.04051261 -0.04037335 0.03794448 -1.58958494
-0.04047470 -0.04196294 0.03788404 -1.58958356
-0.04043684 -0.04355250 0.03784811 -1.58952205
-0.04039900 -0.04514197 0.03783667 -1.58940044
-0.04036115 -0.04673128 0.03784973 -1.58921873
-0.04032329 -0.04832038 0.03788728 -1.58897694
-0.04028537 -0.04990922 0.03794930 -1.58867508
-0.04024738 -0.05149771 0.03803579 -1.58831317
-0.04020929 -0.05308582 0.03814674 -1.58789125
-0.04017108 -0.05467348 0.03828212 -1.58740935
-0.04013272 -0.05626062 0.03844193 -1.58686749
-0.04009419 -0.05784719 0.03862615 -1.58626571
-0.04005546 -0.05943313 0.03883475 -1.58560406
-0.04001651 -0.06101838 0.03906772 -1.58488258
-0.03997732 -0.06260288 0.03932504 -1.58410132
-0.03993785 -0.06418656 0.03960667 -1.58326034
-0.03989809 -0.06576938 0.03991260 -1.58235968
-0.03985802 -0.06735126 0.04024280 -1.58139942
-0.03981760 -0.06893216 0.04059723 -1.58037961
-0.03977682 -0.07051200 0.04097586 -1.57930033
-0.03973564 -0.07209074 0.04137867 -1.57816163
-0.03969405 -0.07366831 0.04180561 -1.57696361
-0.03965202 -0.07524465 0.04225665 -1.57570634
-0.03960953 -0.07681970 0.04273176 -1.57438990
-0.03956655 -0.07839341 0.04323090 -1.57301437
-0.03952306 -0.07996571 0.04375401 -1.57157985
-0.03947903 -0.08153655 0.04430107 -1.57008643
-0.03943445 -0.08310586 0.04487202 -1.56853421
-0.03938928 -0.08467359 0.04546683 -1.56692329
-0.03934351 -0.08623969 0.04608543 -1.56525377
-0.03929710 -0.08780408 0.04672780 -1.56352577
-0.03925004 -0.08936672 0.04739386 -1.56173938
-0.03920231 -0.09092754 0.04808358 -1.55989473
-0.03915387 -0.09248649 0.04879690 -1.55799193
-0.03910471 -0.09404351 0.04953376 -1.55603110
-0.03905479 -0.09559853 0.05029411 -1.55401238
-0.03900411 -0.09715151 0.05107790 -1.55193588
-0.03895263 -0.09870239 0.05188505 -1.54980174
-0.03890033 -0.10025110 0.05271551 -1.54761010
-0.03884719 -0.10179759 0.05356923 -1.54536108
-0.03879319 -0.10334180 0.05444613 -1.54305484
-0.03873829 -0.10488368 0.05534615 -1.54069152
-0.03868249 -0.10642316 0.05626922 -1.53827125
-0.03862575 -0.10796020 0.05721528 -1.53579420
-0.03856805 -0.10949473 0.05818426 -1.53326052
-0.03850937 -0.11102670 0.05917609 -1.53067036
-0.03844969 -0.11255605 0.06019070 -1.52802388
-0.03838898 -0.11408273 0.06122802 -1.52532125
-0.03832722 -0.11560668 0.06228796 -1.52256263
-0.03826440 -0.11712784 0.06337047 -1.51974819
-0.03820048 -0.11864616 0.06447545 -1.51687810
-0.03813544 -0.12016158 0.06560284 -1.51395253
-0.03806926 -0.12167404 0.06675255 -1.51097167
-0.03800193 -0.12318350 0.06792451 -1.50793568
-0.03793341 -0.12468990 0.06911864 -1.50484475
-0.03786368 -0.12619317 0.07033485 -1.50169907
-0.03779273 -0.12769328 0.07157306 -1.49849883
-0.03772053 -0.12919015 0.07283319 -1.49524421
-0.03764706 -0.13068375 0.07411516 -1.49193540
-0.03757229 -0.13217400 0.07541887 -1.48857260
-0.03749621 -0.13366087 0.07674425 -1.48515602
-0.03741879 -0.13514430 0.07809120 -1.48168584
-0.03734002 -0.13662423 0.07945963 -1.47816227
-0.03725987 -0.13810061 0.08084946 -1.47458551
-0.03717832 -0.13957338 0.08226060 -1.47095578
-0.03709534 -0.14104250 0.08369295 -1.46727327
-0.03701092 -0.14250791 0.08514643 -1.46353821
-0.03692504 -0.14396956 0.08662094 -1.45975080
-0.03683767 -0.14542739 0.08811639 -1.45591125
-0.03674880 -0.14688136 0.08963268 -1.45201980
-0.03665840 -0.14833142 0.09116972 -1.44807665
-0.03656645 -0.14977750 0.09272742 -1.44408203
-0.03647294 -0.15121956 0.09430568 -1.44003615
-0.03637784 -0.15265756 0.09590439 -1.43593925
-0.03628112 -0.15409143 0.09752347 -1.43179156
-0.03618278 -0.15552112 0.09916282 -1.42759329
-0.03608279 -0.15694659 0.10082234 -1.42334469
-0.03598113 -0.15836779 0.10250192 -1.41904598
-0.03587778 -0.15978467 0.10420148 -1.41469740
-0.03577272 -0.16119717 0.10592090 -1.41029918
-0.03566593 -0.16260525 0.10766010 -1.40585156
-0.03555739 -0.16400886 0.10941896 -1.40135477
-0.03544709 -0.16540795 0.11119739 -1.39680907
-0.03533499 -0.16680246 0.11299529 -1.39221468
-0.03522109 -0.16819236 0.11481255 -1.38757186
-0.03510536 -0.16957759 0.11664907 -1.38288084
-0.03498779 -0.17095810 0.11850475 -1.37814188
-0.03486835 -0.17233386 0.12037949 -1.37335521
-0.03474702 -0.17370480 0.12227318 -1.36852109
-0.03462379 -0.17507088 0.12418572 -1.36363976
-0.03449864 -0.17643206 0.12611700 -1.35871148
-0.03437155 -0.17778829 0.12806693 -1.35373649
-0.03424250 -0.17913952 0.13003539 -1.34871505
-0.03411148 -0.18048571 0.13202229 -1.34364742
-0.03397845 -0.18182680 0.13402752 -1.33853384
-0.03384342 -0.18316276 0.13605097 -1.33337457
-0.03370634 -0.18449353 0.13809255 -1.32816987
-0.03356722 -0.18581908 0.14015214 -1.32291999
-0.03342603 -0.18713936 0.14222964 -1.31762519
-0.03328276 -0.18845432 0.14432495 -1.31228573
-0.03313738 -0.18976392 0.14643796 -1.30690187
-0.03298988 -0.19106811 0.14856857 -1.30147387
-0.03284024 -0.19236685 0.15071668 -1.29600199
-0.03268844 -0.19366010 0.15288217 -1.29048649
-0.03253447 -0.19494781 0.15506495 -1.28492762
-0.03237830 -0.19622994 0.15726491 -1.27932566
-0.03221993 -0.19750644 0.15948195 -1.27368087
-0.03205933 -0.19877728 0.16171597 -1.26799350
-0.03189649 -0.20004242 0.16396685 -1.26226382
-0.03173139 -0.20130180 0.16623450 -1.25649210
-0.03156402 -0.20255539 0.16851881 -1.25067859
-0.03139435 -0.20380314 0.17081968 -1.24482357
-0.03122237 -0.20504502 0.17313702 -1.23892729
-0.03104807 -0.20628098 0.17547070 -1.23299002
-0.03087143 -0.20751099 0.17782064 -1.22701203
-0.03069242 -0.20873499 0.18018674 -1.22099358
-0.03051105 -0.20995296 0.18256888 -1.21493494
-0.03032728 -0.21116485 0.18496698 -1.20883636
-0.03014111 -0.21237062 0.18738092 -1.20269812
-0.02995251 -0.21357023 0.18981062 -1.19652048
-0.02976148 -0.21476365 0.19225596 -1.19030370
-0.02956800 -0.21595083 0.19471686 -1.18404805
-0.02937204 -0.21713173 0.19719320 -1.17775380
-0.02917361 -0.21830632 0.19968490 -1.17142120
-0.02897267 -0.21947456 0.20219186 -1.16505053
-0.02876922 -0.22063641 0.20471397 -1.15864204
-0.02856324 -0.22179183 0.20725115 -1.15219601
-0.02835471 -0.22294079 0.20980329 -1.14571269
-0.02814362 -0.22408325 0.21237030 -1.13919234
-0.02792996 -0.22521916 0.21495208 -1.13263524
-0.02771371 -0.22634850 0.21754855 -1.12604164
-0.02749486 -0.22747123 0.22015960 -1.11941181
-0.02727339 -0.22858732 0.22278514 -1.11274601
-0.02704929 -0.22969671 0.22542508 -1.10604449
-0.02682254 -0.23079939 0.22807934 -1.09930753
-0.02659312 -0.23189532 0.23074781 -1.09253537
-0.02636104 -0.23298445 0.23343040 -1.08572829
-0.02612626 -0.23406676 0.23612703 -1.07888653
-0.02588878 -0.23514221 0.23883761 -1.07201037
-0.02564858 -0.23621077 0.24156205 -1.06510005
-0.02540565 -0.23727240 0.24430025 -1.05815583
-0.02515997 -0.23832707 0.24705214 -1.05117798
-0.02491154 -0.23937475 0.24981763 -1.04416674
-0.02466033 -0.24041539 0.25259663 -1.03712238
-0.02440634 -0.24144898 0.25538906 -1.03004515
-0.02414955 -0.24247547 0.25819483 -1.02293530
-0.02388995 -0.24349484 0.26101386 -1.01579309
-0.02362752 -0.24450705 0.26384606 -1.00861876
-0.02336225 -0.24551207 0.26669137 -1.00141258
-0.02309413 -0.24650986 0.26954969 -0.99417479
-0.02282315 -0.24750041 0.27242094 -0.98690564
-0.02254929 -0.24848366 0.27530505 -0.97960538
-0.02227253 -0.24945961 0.27820194 -0.97227426
-0.02199288 -0.25042820 0.28111152 -0.96491253
-0.02171031 -0.25138942 0.28403374 -0.95752044
-0.02142481 -0.25234323 0.28696850 -0.95009823
-0.02113636 -0.25328961 0.28991573 -0.94264614
-0.02084497 -0.25422852 0.29287537 -0.93516442
-0.02055061 -0.25515993 0.29584733 -0.92765332
-0.02025327 -0.25608381 0.29883155 -0.92011307
-0.01995294 -0.25700014 0.30182795 -0.91254392
-0.01964961 -0.25790889 0.30483647 -0.90494610
-0.01934327 -0.25881003 0.30785703 -0.89731986
-0.01903389 -0.25970352 0.31088957 -0.88966543
-0.01872148 -0.26058935 0.31393402 -0.88198306
-0.01840602 -0.26146748 0.31699031 -0.87427297
-0.01808750 -0.26233789 0.32005838 -0.86653540
-0.01776590 -0.26320054 0.32313816 -0.85877059
-0.01744122 -0.26405542 0.32622960 -0.85097877
-0.01711344 -0.26490249 0.32933262 -0.84316017
-0.01678255 -0.26574173 0.33244716 -0.83531501
-0.01644854 -0.26657311 0.33557317 -0.82744354
-0.01611140 -0.26739661 0.33871059 -0.81954598
-0.01577111 -0.26821219 0.34185936 -0.81162255
-0.01542768 -0.26901984 0.34501941 -0.80367349
-0.01508107 -0.26981953 0.34819070 -0.79569901
-0.01473129 -0.27061123 0.35137316 -0.78769935
-0.01437832 -0.27139492 0.35456675 -0.77967472
-0.01402215 -0.27217057 0.35777141 -0.77162534
-0.01366278 -0.27293817 0.36098708 -0.76355144
-0.01330018 -0.27369767 0.36421372 -0.75545323
-0.01293434 -0.27444906 0.36745127 -0.74733094
-0.01256527 -0.27519232 0.37069969 -0.73918478
-0.01219294 -0.27592743 0.37395892 -0.73101496
-0.01181735 -0.27665435 0.37722892 -0.72282171
-0.01143848 -0.27737306 0.38050964 -0.71460522
-0.01105633 -0.27808355 0.38380104 -0.70636572
-0.01067087 -0.27878578 0.38710308 -0.69810342
-0.01028212 -0.27947975 0.39041570 -0.68981852
-0.00989004 -0.28016541 0.39373886 -0.68151124
-0.00949463 -0.28084276 0.39707253 -0.67318178
-0.00909589 -0.28151177 0.40041667 -0.66483035
-0.00869380 -0.28217242 0.40377123 -0.65645715
-0.00828834 -0.28282468 0.40713617 -0.64806239
-0.00787952 -0.28346853 0.41051146 -0.63964626
-0.00746732 -0.28410396 0.41389707 -0.63120898
-0.00705172 -0.28473094 0.41729295 -0.62275073
-0.00663273 -0.28534946 0.42069907 -0.61427172
-0.00621032 -0.28595948 0.42411540 -0.60577215
-0.00578449 -0.28656100 0.42754191 -0.59725221
-0.00535524 -0.28715398 0.43097856 -0.58871210
-0.00492253 -0.28773841 0.43442533 -0.58015201
-0.00448638 -0.28831428 0.43788218 -0.57157214
-0.00404677 -0.28888155 0.44134908 -0.56297267
-0.00360368 -0.28944022 0.44482602 -0.55435380
-0.00315711 -0.28999025 0.44831296 -0.54571571
-0.00270705 -0.29053164 0.45180987 -0.53705860
-0.00225349 -0.29106436 0.45531674 -0.52838264
-0.00179641 -0.29158840 0.45883353 -0.51968803
-0.00133582 -0.29210373 0.46236024 -0.51097496
-0.00087169 -0.29261034 0.46589682 -0.50224359
-0.00040402 -0.29310821 0.46944327 -0.49349412
0.00006720 -0.29359733 0.47299957 -0.48472673
0.00054198 -0.29407766 0.47656569 -0.47594159
0.00102033 -0.29454920 0.48014162 -0.46713888
0.00150227 -0.29501193 0.48372734 -0.45831879
0.00198779 -0.29546583 0.48732284 -0.44948149
0.00247692 -0.29591089 0.49092809 -0.44062714
0.00296965 -0.29634708 0.49454310 -0.43175594
0.00346601 -0.29677440 0.49816783 -0.42286804
0.00396599 -0.29719281 0.50180229 -0.41396362
0.00446961 -0.29760232 0.50544646 -0.40504286
0.00497689 -0.29800289 0.50910033 -0.39610592
0.00548782 -0.29839453 0.51276389 -0.38715296
0.00600242 -0.29877720 0.51643713 -0.37818416
0.00652070 -0.29915089 0.52012005 -0.36919968
0.00704266 -0.29951559 0.52381264 -0.36019969
0.00756832 -0.29987128 0.52751489 -0.35118435
0.00809769 -0.30021795 0.53122680 -0.34215382
0.00863078 -0.30055559 0.53494836 -0.33310827
0.00916759 -0.30088416 0.53867957 -0.32404786
0.00970814 -0.30120368 0.54242044 -0.31497274
0.01025244 -0.30151411 0.54617095 -0.30588307
0.01080049 -0.30181544 0.54993111 -0.29677901
0.01135230 -0.30210766 0.55370092 -0.28766072
0.01190789 -0.30239075 0.55748038 -0.27852836
0.01246727 -0.30266471 0.56126949 -0.26938207
0.01303044 -0.30292951 0.56506825 -0.26022201
0.01359741 -0.30318515 0.56887668 -0.25104834
0.01416819 -0.30343161 0.57269476 -0.24186120
0.01474280 -0.30366887 0.57652252 -0.23266074
0.01532124 -0.30389692 0.58035995 -0.22344712
0.01590352 -0.30411576 0.58420707 -0.21422048
0.01648966 -0.30432536 0.58806387 -0.20498097
0.01707965 -0.30452572 0.59193037 -0.19572874
0.01767352 -0.30471681 0.59580659 -0.18646393
0.01827127 -0.30489864 0.59969252 -0.17718668
0.01887291 -0.30507118 0.60358818 -0.16789715
0.01947845 -0.30523443 0.60749359 -0.15859547
0.02008790 -0.30538837 0.61140875 -0.14928178
0.02070127 -0.30553299 0.61533367 -0.13995623
0.02131857 -0.30566828 0.61926838 -0.13061896
0.02193981 -0.30579422 0.62321289 -0.12127010
0.02256500 -0.30591081 0.62716721 -0.11190979
0.02319415 -0.30601804 0.63113136 -0.10253818
0.02382727 -0.30611589 0.63510536 -0.09315539
0.02446436 -0.30620435 0.63908922 -0.08376157
0.02510545 -0.30628341 0.64308296 -0.07435685
0.02575053 -0.30635306 0.64708661 -0.06494136
0.02639962 -0.30641329 0.65110018 -0.05551523
0.02705274 -0.30646408 0.65512369 -0.04607861
0.02770988 -0.30650544 0.65915716 -0.03663162
0.02837105 -0.30653734 0.66320062 -0.02717438
0.02903628 -0.30655978 0.66725409 -0.01770704
0.02970556 -0.30657275 0.67131759 -0.00822973
0.03037892 -0.30657624 0.67539115 0.00125744
0.03105635 -0.30657024 0.67947478 0.01075433
0.03173787 -0.30655473 0.68356853 0.02026081
0.03242349 -0.30652971 0.68767240 0.02977676
0.03311322 -0.30649517 0.69178643 0.03930205
0.03380707 -0.30645110 0.69591065 0.04883655
0.03450504 -0.30639750 0.70004508 0.05838015
0.03520716 -0.30633434 0.70418975 0.06793272
0.03591343 -0.30626163 0.70834469 0.07749412
0.03662385 -0.30617935 0.71250993 0.08706425
0.03733845 -0.30608750 0.71668550 0.09664298
0.03805723 -0.30598606 0.72087143 0.10623019
0.03878020 -0.30587503 0.72506775 0.11582576
0.03950737 -0.30575441 0.72927449 0.12542956
0.04023875 -0.30562417 0.73349169 0.13504148
0.04097435 -0.30548432 0.73771938 0.14466139
0.04171419 -0.30533485 0.74195759 0.15428919
0.04245827 -0.30517574 0.74620635 0.16392475
0.04320661 -0.30500699 0.75046571 0.17356795
0.04395921 -0.30482860 0.75473569 0.18321869
0.04471608 -0.30464055 0.75901632 0.19287683
0.04547724 -0.30444285 0.76330766 0.20254227
0.04624270 -0.30423547 0.76760973 0.21221489
0.04701247 -0.30401841 0.77192256 0.22189457
0.04778655 -0.30379168 0.77624620 0.23158121
0.04856496 -0.30355525 0.78058069 0.24127469
0.04934772 -0.30330912 0.78492606 0.25097488
0.05013482 -0.30305330 0.78928235 0.26068169
0.05092628 -0.30278776 0.79364960 0.27039500
0.05172212 -0.30251250 0.79802785 0.28011470
0.05252234 -0.30222753 0.80241714 0.28984066
0.05332696 -0.30193282 0.80681752 0.29957280
0.05413598 -0.30162838 0.81122901 0.30931098
0.05494942 -0.30131420 0.81565166 0.31905511
0.05576729 -0.30099027 0.82008552 0.32880507
0.05658960 -0.30065658 0.82453063 0.33856075
0.05741635 -0.30031314 0.82898702 0.34832204
0.05824757 -0.29995994 0.83345475 0.35808884
0.05908327 -0.29959696 0.83793384 0.36786103
0.05992345 -0.29922422 0.84242436 0.37763850
0.06076812 -0.29884169 0.84692634 0.38742116
0.06161730 -0.29844937 0.85143982 0.39720888
0.06247100 -0.29804727 0.85596486 0.40700157
0.06332924 -0.29763537 0.86050149 0.41679911
0.06419201 -0.29721367 0.86504975 0.42660140
0.06505934 -0.29678216 0.86960971 0.43640833
0.06593123 -0.29634085 0.87418139 0.44621980
0.06680771 -0.29588972 0.87876486 0.45603569
0.06768877 -0.29542878 0.88336014 0.46585590
0.06857443 -0.29495801 0.88796730 0.47568033
0.06946471 -0.29447741 0.89258637 0.48550887
0.07035961 -0.29398699 0.89721741 0.49534142
0.07125914 -0.29348673 0.90186046 0.50517786
0.07216333 -0.29297663 0.90651556 0.51501809
0.07307218 -0.29245669 0.91118278 0.52486202
0.07398570 -0.29192691 0.91586215 0.53470953
0.07490391 -0.29138727 0.92055372 0.54456051
0.07582681 -0.29083778 0.92525755 0.55441487
0.07675443 -0.29027844 0.92997367 0.56427250
0.07768676 -0.28970924 0.93470215 0.57413330
0.07862384 -0.28913017 0.93944302 0.58399715
0.07956565 -0.28854124 0.94419634 0.59386396
0.08051223 -0.28794244 0.94896216 0.60373362
0.08146358 -0.28733377 0.95374053 0.61360603
0.08241972 -0.28671523 0.95853149 0.62348108
0.08338065 -0.28608681 0.96333510 0.63335867
0.08434639 -0.28544851 0.96815141 0.64323870
0.08531696 -0.28480033 0.97298047 0.65312105
0.08629236 -0.28414227 0.97782232 0.66300563
0.08727261 -0.28347432 0.98267702 0.67289234
0.08825772 -0.28279649 0.98754462 0.68278106
0.08924770 -0.28210876 0.99242517 0.69267169
0.09024257 -0.28141114 0.99731873 0.70256414
0.09124234 -0.28070363 1.00222533 0.71245829
0.09224703 -0.27998622 1.00714504 0.72235404
0.09325664 -0.27925892 1.01207790 0.73225128
0.09427119 -0.27852172 1.01702397 0.74214992
0.09529069 -0.27777462 1.02198329 0.75204985
0.09631516 -0.27701762 1.02695593 0.76195096
0.09734460 -0.27625072 1.03194192 0.77185314
0.09837904 -0.27547391 1.03694132 0.78175630
0.09941849 -0.27468721 1.04195419 0.79166033
0.10046296 -0.27389059 1.04698057 0.80156512
0.10151246 -0.27308408 1.05202052 0.81147057
0.10256700 -0.27226765 1.05707408 0.82137657
0.10362661 -0.27144132 1.06214132 0.83128302
0.10469129 -0.27060509 1.06722227 0.84118980
0.10576106 -0.26975894 1.07231700 0.85109683
0.10683593 -0.26890289 1.07742555 0.86100398
0.10791591 -0.26803693 1.08254798 0.87091115
0.10900103 -0.26716107 1.08768433 0.88081824
0.11009129 -0.26627530 1.09283467 0.89072514
0.11118670 -0.26537962 1.09799903 0.90063174
0.11228729 -0.26447403 1.10317748 0.91053793
0.11339306 -0.26355854 1.10837006 0.92044361
0.11450404 -0.26263315 1.11357682 0.93034868
0.11562022 -0.26169785 1.11879782 0.94025301
0.11674164 -0.26075264 1.12403311 0.95015650
0.11786829 -0.25979753 1.12928274 0.96005905
0.11900021 -0.25883252 1.13454675 0.96996055
0.12013739 -0.25785761 1.13982521 0.97986088
0.12127986 -0.25687280 1.14511816 0.98975994
0.12242763 -0.25587809 1.15042564 0.99965762
0.12358072 -0.25487349 1.15574773 1.00955380
0.12473913 -0.25385899 1.16108445 1.01944838
0.12590289 -0.25283459 1.16643587 1.02934124
0.12707201 -0.25180031 1.17180204 1.03923228
0.12824650 -0.25075613 1.17718300 1.04912139
0.12942638 -0.24970206 1.18257880 1.05900844
0.13061166 -0.24863811 1.18798949 1.06889333
0.13180236 -0.24756428 1.19341514 1.07877595
0.13299850 -0.24648056 1.19885577 1.08865618
0.13420008 -0.24538697 1.20431145 1.09853391
0.13540713 -0.24428349 1.20978221 1.10840903
0.13661965 -0.24317015 1.21526812 1.11828142
0.13783767 -0.24204693 1.22076922 1.12815097
0.13906119 -0.24091385 1.22628556 1.13801755
0.14029024 -0.23977090 1.23181719 1.14788107
0.14152483 -0.23861809 1.23736415 1.15774139
0.14276498 -0.23745542 1.24292649 1.16759841
0.14401069 -0.23628289 1.24850426 1.17745200
0.14526199 -0.23510051 1.25409751 1.18730205
0.14651889 -0.23390829 1.25970629 1.19714845
0.14778141 -0.23270622 1.26533064 1.20699106
0.14904956 -0.23149431 1.27097061 1.21682978
0.15032336 -0.23027256 1.27662624 1.22666449
0.15160282 -0.22904098 1.28229759 1.23649506
0.15288796 -0.22779957 1.28798469 1.24632137
0.15417879 -0.22654834 1.29368760 1.25614331
0.15547534 -0.22528729 1.29940636 1.26596075
0.15677761 -0.22401642 1.30514102 1.27577356
0.15808562 -0.22273574 1.31089161 1.28558164
0.15939940 -0.22144526 1.31665819 1.29538484
0.16071895 -0.22014497 1.32244079 1.30518306
0.16204428 -0.21883489 1.32823947 1.31497617
0.16337543 -0.21751502 1.33405426 1.32476403
0.16471240 -0.21618537 1.33988521 1.33454653
0.16605521 -0.21484593 1.34573237 1.34432354
0.16740387 -0.21349672 1.35159577 1.35409493
0.16875840 -0.21213774 1.35747546 1.36386058
0.17011882 -0.21076900 1.36337147 1.37362035
0.17148515 -0.20939050 1.36928386 1.38337412
0.17285740 -0.20800226 1.37521266 1.39312177
0.17423558 -0.20660426 1.38115792 1.40286315
0.17561972 -0.20519653 1.38711966 1.41259815
0.17700983 -0.20377907 1.39309795 1.42232662
0.17840592 -0.20235188 1.39909280 1.43204844
0.17980802 -0.20091497 1.40510427 1.44176347
0.18121613 -0.19946836 1.41113239 1.45147159
0.18263029 -0.19801203 1.41717720 1.46117266
0.18405049 -0.19654601 1.42323874 1.47086654
0.18547677 -0.19507030 1.42931705 1.48055309
0.18690913 -0.19358491 1.43541216 1.49023220
0.18834760 -0.19208984 1.44152412 1.49990370
0.18979219 -0.19058510 1.44765295 1.50956748